== Ejercicio 1a ==

Clásicos 0: 54
Clásicos 1: 41
Clásicos 2: 53
Clásicos 3: 40
Clásicos 4: 53
Clásicos 5: 55
Clásicos 6: 49
Clásicos 7: 39
Clásicos 8: 45
Clásicos 9: 56
Clásicos 10: 38
Clásicos 11: 42
Clásicos 12: 55
Clásicos 13: 50
Clásicos 14: 50
Clásicos 15: 47
Clásicos 16: 53
Clásicos 17: 51
Clásicos 18: 66
Clásicos 19: 57
Clásicos 20: 51
Clásicos 21: 48
Clásicos 22: 56
Clásicos 23: 51
Clásicos 24: 45
Clásicos 25: 54
Clásicos 26: 44
Clásicos 27: 50
Clásicos 28: 48
Clásicos 29: 50
Clásicos 30: 49
Clásicos 31: 37
Clásicos 32: 54
Clásicos 33: 54
Clásicos 34: 51
Clásicos 35: 55
Clásicos 36: 52
Clásicos 37: 45
Clásicos 38: 42
Clásicos 39: 43
Clásicos 40: 51
Clásicos 41: 50
Clásicos 42: 62
Clásicos 43: 56
Clásicos 44: 47
Clásicos 45: 49
Clásicos 46: 45
Clásicos 47: 46
Clásicos 48: 49
Clásicos 49: 58

== Ejercicio 1b ==

Array 0:[(157, 59)(54, 109)(83, 167)(65, 131)(214, 173)(113, 227)(193, 131)(77, 155)(126, 253)(77, 155)(138, 21)(55, 111)(51, 103)(129, 3)(108, 217)(24, 49)(218, 181)(186, 117)(47, 95)(118, 237)(13, 27)(36, 73)(94, 189)(34, 69)(172, 89)(91, 183)(7, 15)(34, 69)(77, 155)(10, 21)(218, 181)(164, 73)(57, 115)(74, 149)(175, 95)(81, 163)(243, 231)(61, 123)(99, 199)(229, 203)(156, 57)(159, 63)(111, 223)(243, 231)(139, 23)(192, 129)(89, 179)(143, 31)(119, 239)(150, 45)(26, 53)(196, 137)(236, 217)(206, 157)(136, 17)(124, 249)(16, 33)(253, 251)]
Array 1:[(186, 117)(147, 39)(10, 21)(10, 21)(201, 147)(225, 195)(72, 145)(22, 45)(86, 173)(10, 21)(171, 87)(95, 191)(68, 137)(233, 211)(239, 223)(61, 123)(78, 157)(17, 35)(116, 233)(177, 99)(239, 223)(20, 41)(22, 45)(7, 15)(86, 173)(170, 85)(88, 177)(81, 163)(83, 167)(113, 227)(115, 231)(109, 219)(37, 75)(145, 35)(222, 189)(41, 83)(235, 215)(95, 191)(140, 25)(73, 147)(49, 99)(95, 191)(163, 71)(4, 9)(200, 145)(221, 187)(35, 71)(252, 249)(50, 101)(102, 205)(48, 97)]
Array 2:[(56, 113)(253, 251)(3, 7)(252, 249)(149, 43)(134, 13)(103, 207)(149, 43)(62, 125)(58, 117)(161, 67)(1, 3)(184, 113)(251, 247)(106, 213)(50, 101)(38, 77)(76, 153)(119, 239)(103, 207)(183, 111)(180, 105)(141, 27)(103, 207)(114, 229)(111, 223)(169, 83)(47, 95)(94, 189)(70, 141)(53, 107)(219, 183)(50, 101)(97, 195)(163, 71)(112, 225)(201, 147)(224, 193)(178, 101)(189, 123)(34, 69)(71, 143)(40, 81)(233, 211)(228, 201)(234, 213)(196, 137)(90, 181)(64, 129)]
Array 3:[(205, 155)(71, 143)(9, 19)(173, 91)(52, 105)(86, 173)(173, 91)(170, 85)(207, 159)(177, 99)(184, 113)(73, 147)(113, 227)(100, 201)(162, 69)(79, 159)(80, 161)(195, 135)(76, 153)(9, 19)(149, 43)(141, 27)(92, 185)(70, 141)(185, 115)(230, 205)(239, 223)(65, 131)(109, 219)(126, 253)(165, 75)(4, 9)(167, 79)(183, 111)(93, 187)(118, 237)(229, 203)(155, 55)(197, 139)(2, 5)(122, 245)(68, 137)(80, 161)]
Array 4:[(114, 229)(130, 5)(28, 57)(38, 77)(178, 101)(125, 251)(1, 3)(13, 27)(195, 135)(31, 63)(137, 19)(193, 131)(221, 187)(119, 239)(45, 91)(105, 211)(116, 233)(177, 99)(106, 213)(148, 41)(4, 9)(188, 121)(40, 81)(145, 35)(227, 199)(171, 87)(10, 21)(237, 219)(227, 199)(203, 151)(227, 199)(68, 137)(130, 5)(23, 47)(134, 13)(66, 133)(47, 95)(218, 181)(172, 89)(91, 183)(159, 63)(178, 101)(101, 203)(31, 63)]
Array 5:[(186, 117)(68, 137)(92, 185)(145, 35)(148, 41)(139, 23)(247, 239)(144, 33)(59, 119)(21, 43)(126, 253)(75, 151)(110, 221)(240, 225)(84, 169)(101, 203)(214, 173)(96, 193)(74, 149)(40, 81)(63, 127)(48, 97)(12, 25)(107, 215)(162, 69)(147, 39)(199, 143)(148, 41)(3, 7)(98, 197)(164, 73)(43, 87)(250, 245)(9, 19)(5, 11)(194, 133)(2, 5)(190, 125)(90, 181)(205, 155)(142, 29)(169, 83)(112, 225)(224, 193)(141, 27)(174, 93)(224, 193)(216, 177)(220, 185)(245, 235)(53, 107)(148, 41)(107, 215)(18, 37)(196, 137)(197, 139)(203, 151)(212, 169)]
Array 6:[(93, 187)(173, 91)(91, 183)(116, 233)(83, 167)(170, 85)(166, 77)(57, 115)(77, 155)(72, 145)(162, 69)(83, 167)(48, 97)(204, 153)(116, 233)(95, 191)(2, 5)(223, 191)(62, 125)(31, 63)(174, 93)(152, 49)(11, 23)(133, 11)(192, 129)(80, 161)(168, 81)(54, 109)(5, 11)(1, 3)(196, 137)(70, 141)(211, 167)(181, 107)(213, 171)(224, 193)(137, 19)(238, 221)(135, 15)(232, 209)(102, 205)(165, 75)(224, 193)(160, 65)(169, 83)(123, 247)(55, 111)(149, 43)(120, 241)(53, 107)(52, 105)(209, 163)(196, 137)(0, 1)(117, 235)(92, 185)]
Array 7:[(6, 13)(94, 189)(89, 179)(205, 155)(42, 85)(63, 127)(120, 241)(153, 51)(126, 253)(166, 77)(216, 177)(252, 249)(154, 53)(128, 1)(14, 29)(115, 231)(203, 151)(252, 249)(1, 3)(198, 141)(56, 113)(57, 115)(132, 9)(73, 147)(241, 227)(8, 17)(220, 185)(169, 83)(65, 131)(22, 45)(166, 77)(62, 125)(125, 251)(162, 69)(137, 19)(117, 235)(157, 59)(18, 37)(48, 97)(235, 215)(231, 207)(169, 83)(231, 207)(191, 127)(112, 225)(45, 91)(99, 199)]
Array 8:[(11, 23)(36, 73)(141, 27)(234, 213)(183, 111)(241, 227)(4, 9)(112, 225)(201, 147)(160, 65)(128, 1)(51, 103)(158, 61)(236, 217)(137, 19)(151, 47)(202, 149)(29, 59)(165, 75)(81, 163)(12, 25)(71, 143)(35, 71)(142, 29)(254, 253)(215, 175)(122, 245)(109, 219)(41, 83)(64, 129)(165, 75)(192, 129)(93, 187)(86, 173)(171, 87)(229, 203)(16, 33)(139, 23)(141, 27)(22, 45)(172, 89)]
Array 9:[(47, 95)(246, 237)(189, 123)(143, 31)(126, 253)(106, 213)(207, 159)(37, 75)(38, 77)(222, 189)(160, 65)(79, 159)(250, 245)(176, 97)(174, 93)(9, 19)(243, 231)(121, 243)(65, 131)(164, 73)(113, 227)(75, 151)(137, 19)(6, 13)(100, 201)(127, 255)(198, 141)(107, 215)(230, 205)(138, 21)(226, 197)(154, 53)(171, 87)(196, 137)(106, 213)(190, 125)(162, 69)(86, 173)(239, 223)(114, 229)(52, 105)(70, 141)(25, 51)(137, 19)(105, 211)(135, 15)(116, 233)(160, 65)(250, 245)(52, 105)(25, 51)(217, 179)(239, 223)(146, 37)]
Array 10:[(160, 65)(100, 201)(83, 167)(17, 35)(71, 143)(160, 65)(240, 225)(17, 35)(93, 187)(179, 103)(172, 89)(72, 145)(39, 79)(27, 55)(32, 65)(12, 25)(112, 225)(174, 93)(195, 135)(120, 241)(235, 215)(45, 91)(135, 15)(100, 201)(85, 171)(83, 167)(74, 149)(183, 111)(123, 247)(62, 125)(234, 213)(0, 1)(185, 115)(211, 167)(118, 237)(137, 19)(245, 235)(59, 119)(130, 5)(181, 107)(174, 93)(162, 69)(181, 107)(160, 65)(12, 25)(86, 173)(206, 157)(149, 43)]
Array 11:[(142, 29)(74, 149)(106, 213)(83, 167)(43, 87)(181, 107)(154, 53)(75, 151)(45, 91)(201, 147)(69, 139)(189, 123)(59, 119)(203, 151)(197, 139)(222, 189)(207, 159)(93, 187)(90, 181)(116, 233)(58, 117)(54, 109)(14, 29)(59, 119)(133, 11)(41, 83)(130, 5)(59, 119)(139, 23)(187, 119)(117, 235)(13, 27)(99, 199)(219, 183)(113, 227)(189, 123)(162, 69)(182, 109)(218, 181)(38, 77)(35, 71)(34, 69)(211, 167)(64, 129)(154, 53)(196, 137)(156, 57)(152, 49)(74, 149)(6, 13)]
Array 12:[(212, 169)(132, 9)(245, 235)(129, 3)(220, 185)(185, 115)(44, 89)(141, 27)(153, 51)(131, 7)(255, 255)(152, 49)(222, 189)(255, 255)(219, 183)(218, 181)(21, 43)(122, 245)(64, 129)(161, 67)(36, 73)(127, 255)(195, 135)(84, 169)(81, 163)(232, 209)(41, 83)(242, 229)(210, 165)(251, 247)(138, 21)(46, 93)(181, 107)(64, 129)(69, 139)(1, 3)(49, 99)(70, 141)(95, 191)(210, 165)(160, 65)(125, 251)(101, 203)(117, 235)(129, 3)(17, 35)(78, 157)(205, 155)(10, 21)(22, 45)(166, 77)]
Array 13:[(204, 153)(36, 73)(115, 231)(208, 161)(119, 239)(229, 203)(35, 71)(147, 39)(243, 231)(63, 127)(132, 9)(147, 39)(32, 65)(19, 39)(199, 143)(136, 17)(167, 79)(126, 253)(4, 9)(115, 231)(249, 243)(50, 101)(56, 113)(14, 29)(86, 173)(180, 105)(41, 83)(31, 63)(49, 99)(123, 247)(0, 1)(94, 189)(92, 185)(139, 23)(177, 99)(56, 113)(81, 163)(74, 149)(115, 231)(44, 89)(153, 51)(42, 85)(241, 227)(20, 41)(239, 223)(210, 165)(216, 177)]
Array 14:[(36, 73)(135, 15)(216, 177)(32, 65)(149, 43)(56, 113)(192, 129)(127, 255)(115, 231)(162, 69)(126, 253)(166, 77)(146, 37)(38, 77)(249, 243)(210, 165)(95, 191)(253, 251)(81, 163)(95, 191)(103, 207)(239, 223)(235, 215)(145, 35)(217, 179)(70, 141)(171, 87)(60, 121)(192, 129)(217, 179)(134, 13)(47, 95)(133, 11)(165, 75)(145, 35)(174, 93)(71, 143)(190, 125)(192, 129)(75, 151)(157, 59)]
Array 15:[(20, 41)(131, 7)(45, 91)(53, 107)(100, 201)(192, 129)(135, 15)(29, 59)(62, 125)(183, 111)(0, 1)(32, 65)(208, 161)(27, 55)(84, 169)(63, 127)(0, 1)(61, 123)(142, 29)(191, 127)(35, 71)(1, 3)(95, 191)(150, 45)(122, 245)(19, 39)(63, 127)(54, 109)(75, 151)(149, 43)(50, 101)(96, 193)(98, 197)(234, 213)(219, 183)(240, 225)(71, 143)(98, 197)]
Array 16:[(189, 123)(135, 15)(15, 31)(215, 175)(83, 167)(243, 231)(212, 169)(130, 5)(73, 147)(148, 41)(13, 27)(53, 107)(248, 241)(204, 153)(254, 253)(128, 1)(31, 63)(226, 197)(162, 69)(5, 11)(233, 211)(243, 231)(244, 233)(149, 43)(107, 215)(121, 243)(191, 127)(215, 175)(157, 59)(29, 59)(83, 167)(143, 31)(215, 175)(253, 251)(172, 89)(184, 113)(200, 145)(45, 91)(215, 175)(86, 173)(222, 189)(89, 179)(137, 19)(108, 217)(76, 153)(53, 107)(109, 219)(216, 177)(69, 139)(152, 49)(190, 125)(57, 115)]
Array 17:[(31, 63)(112, 225)(79, 159)(179, 103)(105, 211)(18, 37)(78, 157)(127, 255)(63, 127)(145, 35)(118, 237)(149, 43)(200, 145)(28, 57)(249, 243)(104, 209)(107, 215)(143, 31)(94, 189)(217, 179)(220, 185)(251, 247)(247, 239)(115, 231)(29, 59)(136, 17)(55, 111)(228, 201)(16, 33)(75, 151)(198, 141)(6, 13)(151, 47)(200, 145)(153, 51)(1, 3)(5, 11)(73, 147)(147, 39)(133, 11)(97, 195)(246, 237)(36, 73)(181, 107)(183, 111)(79, 159)(20, 41)(253, 251)(98, 197)(136, 17)]
Array 18:[(122, 245)(1, 3)(229, 203)(7, 15)(127, 255)(124, 249)(140, 25)(83, 167)(249, 243)(181, 107)(150, 45)(74, 149)(34, 69)(95, 191)(241, 227)(76, 153)(161, 67)(195, 135)(124, 249)(69, 139)(67, 135)(17, 35)(179, 103)(132, 9)(123, 247)(144, 33)(58, 117)(38, 77)(30, 61)(92, 185)(207, 159)(243, 231)(86, 173)(32, 65)(11, 23)(25, 51)(27, 55)(12, 25)(202, 149)(203, 151)(205, 155)(177, 99)(233, 211)(103, 207)(208, 161)(134, 13)(206, 157)(70, 141)(128, 1)(188, 121)(55, 111)(161, 67)]
Array 19:[(60, 121)(55, 111)(191, 127)(219, 183)(236, 217)(73, 147)(194, 133)(237, 219)(128, 1)(190, 125)(155, 55)(57, 115)(245, 235)(6, 13)(24, 49)(147, 39)(255, 255)(206, 157)(213, 171)(4, 9)(20, 41)(236, 217)(152, 49)(186, 117)(241, 227)(119, 239)(26, 53)(46, 93)(123, 247)(92, 185)(227, 199)(14, 29)(198, 141)(191, 127)(175, 95)(197, 139)(96, 193)(70, 141)(40, 81)(166, 77)(120, 241)(168, 81)(204, 153)(11, 23)(182, 109)(232, 209)(120, 241)(124, 249)]
Array 20:[(86, 173)(221, 187)(83, 167)(238, 221)(178, 101)(49, 99)(129, 3)(131, 7)(239, 223)(88, 177)(89, 179)(239, 223)(121, 243)(100, 201)(161, 67)(142, 29)(59, 119)(19, 39)(25, 51)(96, 193)(188, 121)(146, 37)(138, 21)(33, 67)(69, 139)(43, 87)(226, 197)(220, 185)(46, 93)(195, 135)(111, 223)(22, 45)(186, 117)(85, 171)(146, 37)(165, 75)(38, 77)]
Array 21:[(225, 195)(60, 121)(87, 175)(26, 53)(33, 67)(112, 225)(92, 185)(85, 171)(69, 139)(195, 135)(74, 149)(230, 205)(100, 201)(38, 77)(159, 63)(26, 53)(61, 123)(155, 55)(134, 13)(132, 9)(45, 91)(170, 85)(77, 155)(239, 223)(221, 187)(206, 157)(92, 185)(157, 59)(250, 245)(25, 51)(175, 95)(60, 121)(230, 205)(25, 51)(217, 179)(127, 255)(114, 229)]
Array 22:[(225, 195)(253, 251)(143, 31)(251, 247)(216, 177)(227, 199)(209, 163)(226, 197)(33, 67)(96, 193)(9, 19)(137, 19)(197, 139)(52, 105)(0, 1)(173, 91)(104, 209)(238, 221)(135, 15)(48, 97)(141, 27)(156, 57)(112, 225)(52, 105)(110, 221)(139, 23)(241, 227)(126, 253)(131, 7)(158, 61)(81, 163)(165, 75)(252, 249)(88, 177)(39, 79)(138, 21)(133, 11)(185, 115)(36, 73)(89, 179)(86, 173)(250, 245)(181, 107)]
Array 23:[(229, 203)(153, 51)(163, 71)(117, 235)(140, 25)(202, 149)(88, 177)(142, 29)(176, 97)(115, 231)(137, 19)(180, 105)(49, 99)(54, 109)(159, 63)(13, 27)(119, 239)(237, 219)(151, 47)(207, 159)(25, 51)(57, 115)(112, 225)(223, 191)(44, 89)(186, 117)(92, 185)(21, 43)(201, 147)(187, 119)(230, 205)(86, 173)(202, 149)(21, 43)(29, 59)(148, 41)(164, 73)(46, 93)(8, 17)(156, 57)(53, 107)(229, 203)(24, 49)(185, 115)(200, 145)(28, 57)(0, 1)]
Array 24:[(224, 193)(83, 167)(60, 121)(194, 133)(175, 95)(129, 3)(58, 117)(208, 161)(136, 17)(207, 159)(41, 83)(218, 181)(160, 65)(150, 45)(4, 9)(222, 189)(209, 163)(191, 127)(112, 225)(242, 229)(1, 3)(26, 53)(182, 109)(252, 249)(250, 245)(14, 29)(160, 65)(49, 99)(4, 9)(120, 241)(128, 1)(165, 75)(68, 137)(200, 145)(214, 173)(147, 39)(244, 233)(99, 199)(218, 181)(91, 183)(233, 211)(92, 185)(243, 231)(40, 81)(79, 159)(38, 77)(103, 207)(94, 189)(199, 143)]
Array 25:[(33, 67)(105, 211)(112, 225)(18, 37)(186, 117)(154, 53)(0, 1)(108, 217)(201, 147)(52, 105)(151, 47)(122, 245)(69, 139)(122, 245)(218, 181)(33, 67)(87, 175)(155, 55)(218, 181)(146, 37)(1, 3)(80, 161)(144, 33)(233, 211)(173, 91)(70, 141)(59, 119)(40, 81)(250, 245)(163, 71)(126, 253)(159, 63)(87, 175)(224, 193)(65, 131)(56, 113)(186, 117)(22, 45)(203, 151)(0, 1)(187, 119)(115, 231)(188, 121)(150, 45)(25, 51)(150, 45)(13, 27)(175, 95)(20, 41)(245, 235)(229, 203)(94, 189)(76, 153)]
Array 26:[(94, 189)(233, 211)(3, 7)(88, 177)(95, 191)(118, 237)(81, 163)(190, 125)(35, 71)(64, 129)(8, 17)(207, 159)(39, 79)(236, 217)(225, 195)(54, 109)(243, 231)(241, 227)(237, 219)(247, 239)(74, 149)(194, 133)(36, 73)(203, 151)(132, 9)(95, 191)(134, 13)(20, 41)(135, 15)(157, 59)(175, 95)(204, 153)(58, 117)(231, 207)(51, 103)(172, 89)(43, 87)]
Array 27:[(76, 153)(226, 197)(119, 239)(237, 219)(30, 61)(125, 251)(119, 239)(59, 119)(119, 239)(165, 75)(19, 39)(147, 39)(6, 13)(186, 117)(123, 247)(220, 185)(116, 233)(243, 231)(167, 79)(137, 19)(58, 117)(141, 27)(113, 227)(135, 15)(253, 251)(53, 107)(19, 39)(162, 69)(175, 95)(190, 125)(96, 193)(240, 225)(101, 203)(57, 115)(182, 109)(42, 85)(111, 223)(80, 161)(123, 247)(21, 43)(121, 243)(146, 37)(171, 87)(9, 19)(223, 191)(20, 41)(169, 83)(134, 13)(7, 15)(197, 139)(128, 1)(126, 253)(214, 173)(139, 23)]
Array 28:[(2, 5)(48, 97)(66, 133)(126, 253)(147, 39)(132, 9)(103, 207)(97, 195)(102, 205)(47, 95)(111, 223)(12, 25)(6, 13)(117, 235)(74, 149)(66, 133)(133, 11)(226, 197)(156, 57)(1, 3)(85, 171)(215, 175)(247, 239)(116, 233)(100, 201)(124, 249)(232, 209)(86, 173)(132, 9)(112, 225)(90, 181)(134, 13)(15, 31)(167, 79)(45, 91)(51, 103)(251, 247)(141, 27)(105, 211)(166, 77)(172, 89)(50, 101)(34, 69)(80, 161)(23, 47)(4, 9)(128, 1)(70, 141)(107, 215)(56, 113)(148, 41)(158, 61)(249, 243)]
Array 29:[(50, 101)(253, 251)(238, 221)(61, 123)(42, 85)(148, 41)(249, 243)(95, 191)(68, 137)(213, 171)(234, 213)(109, 219)(193, 131)(46, 93)(152, 49)(25, 51)(252, 249)(174, 93)(132, 9)(124, 249)(104, 209)(21, 43)(170, 85)(254, 253)(158, 61)(20, 41)(121, 243)(83, 167)(88, 177)(21, 43)(81, 163)(199, 143)(252, 249)(164, 73)(253, 251)(226, 197)(129, 3)(134, 13)(119, 239)(14, 29)(222, 189)(173, 91)(235, 215)]
Array 30:[(83, 167)(46, 93)(90, 181)(231, 207)(162, 69)(21, 43)(161, 67)(213, 171)(254, 253)(71, 143)(105, 211)(42, 85)(39, 79)(33, 67)(222, 189)(24, 49)(143, 31)(175, 95)(25, 51)(133, 11)(155, 55)(44, 89)(250, 245)(240, 225)(178, 101)(218, 181)(67, 135)(34, 69)(115, 231)(141, 27)(247, 239)(20, 41)(89, 179)(43, 87)(194, 133)(71, 143)(223, 191)(237, 219)(45, 91)(98, 197)(113, 227)(219, 183)(109, 219)(91, 183)(176, 97)]
Array 31:[(209, 163)(251, 247)(219, 183)(32, 65)(97, 195)(99, 199)(230, 205)(6, 13)(203, 151)(75, 151)(87, 175)(171, 87)(247, 239)(109, 219)(44, 89)(211, 167)(142, 29)(103, 207)(74, 149)(100, 201)(72, 145)(157, 59)(177, 99)(237, 219)(53, 107)(79, 159)(64, 129)(190, 125)(211, 167)(190, 125)(171, 87)(67, 135)(237, 219)(172, 89)(54, 109)(59, 119)(13, 27)(194, 133)(13, 27)(177, 99)(206, 157)(72, 145)(244, 233)(203, 151)(27, 55)(65, 131)(141, 27)(104, 209)(145, 35)(163, 71)(1, 3)(195, 135)(212, 169)]
Array 32:[(243, 231)(172, 89)(48, 97)(186, 117)(61, 123)(65, 131)(64, 129)(36, 73)(0, 1)(70, 141)(151, 47)(75, 151)(49, 99)(176, 97)(224, 193)(253, 251)(150, 45)(36, 73)(245, 235)(61, 123)(236, 217)(225, 195)(90, 181)(155, 55)(107, 215)(91, 183)(154, 53)(49, 99)(0, 1)(84, 169)(197, 139)(68, 137)(242, 229)(246, 237)(47, 95)(21, 43)(12, 25)(132, 9)(44, 89)(71, 143)(185, 115)(231, 207)(161, 67)(182, 109)(163, 71)(0, 1)(193, 131)(230, 205)(88, 177)(244, 233)(53, 107)(32, 65)(117, 235)(157, 59)(24, 49)(186, 117)(145, 35)(159, 63)]
Array 33:[(143, 31)(218, 181)(197, 139)(140, 25)(86, 173)(226, 197)(19, 39)(39, 79)(129, 3)(3, 7)(105, 211)(160, 65)(234, 213)(40, 81)(136, 17)(175, 95)(192, 129)(130, 5)(95, 191)(149, 43)(16, 33)(158, 61)(206, 157)(222, 189)(74, 149)(229, 203)(32, 65)(225, 195)(154, 53)(97, 195)(216, 177)(63, 127)(198, 141)(245, 235)(243, 231)(204, 153)(22, 45)(5, 11)(169, 83)(54, 109)(67, 135)(31, 63)(102, 205)(172, 89)]
Array 34:[(31, 63)(85, 171)(28, 57)(198, 141)(243, 231)(127, 255)(199, 143)(181, 107)(10, 21)(200, 145)(55, 111)(141, 27)(89, 179)(145, 35)(184, 113)(17, 35)(206, 157)(87, 175)(128, 1)(102, 205)(152, 49)(177, 99)(198, 141)(234, 213)(183, 111)(161, 67)(8, 17)(0, 1)(144, 33)(145, 35)(48, 97)(239, 223)(50, 101)(27, 55)(190, 125)(129, 3)(121, 243)(142, 29)(25, 51)(12, 25)(26, 53)(6, 13)(91, 183)(85, 171)(18, 37)(237, 219)(72, 145)(41, 83)(251, 247)]
Array 35:[(148, 41)(247, 239)(49, 99)(157, 59)(179, 103)(239, 223)(79, 159)(233, 211)(127, 255)(198, 141)(129, 3)(197, 139)(241, 227)(155, 55)(130, 5)(145, 35)(9, 19)(19, 39)(170, 85)(145, 35)(132, 9)(30, 61)(235, 215)(17, 35)(97, 195)(98, 197)(153, 51)(150, 45)(118, 237)(190, 125)(13, 27)(165, 75)(75, 151)(115, 231)(230, 205)(250, 245)(12, 25)(255, 255)(188, 121)(1, 3)(86, 173)(148, 41)(186, 117)(51, 103)(98, 197)(147, 39)(208, 161)(191, 127)(91, 183)(85, 171)(194, 133)(108, 217)]
Array 36:[(51, 103)(81, 163)(120, 241)(66, 133)(171, 87)(73, 147)(201, 147)(111, 223)(149, 43)(165, 75)(13, 27)(75, 151)(248, 241)(183, 111)(79, 159)(85, 171)(59, 119)(237, 219)(11, 23)(89, 179)(179, 103)(238, 221)(242, 229)(36, 73)(88, 177)(219, 183)(2, 5)(180, 105)(80, 161)(141, 27)(81, 163)(212, 169)(162, 69)(30, 61)(177, 99)(150, 45)(112, 225)(131, 7)(247, 239)(110, 221)(2, 5)(76, 153)(72, 145)(243, 231)(122, 245)(174, 93)]
Array 37:[(135, 15)(80, 161)(3, 7)(36, 73)(131, 7)(74, 149)(82, 165)(55, 111)(32, 65)(236, 217)(212, 169)(192, 129)(146, 37)(0, 1)(77, 155)(227, 199)(18, 37)(31, 63)(173, 91)(45, 91)(185, 115)(15, 31)(53, 107)(248, 241)(192, 129)(32, 65)(130, 5)(189, 123)(166, 77)(56, 113)(121, 243)(225, 195)(180, 105)(111, 223)(236, 217)(85, 171)(175, 95)(132, 9)(193, 131)(102, 205)(197, 139)(78, 157)(56, 113)(74, 149)(99, 199)(174, 93)(171, 87)(250, 245)(13, 27)(176, 97)(34, 69)(1, 3)]
Array 38:[(234, 213)(17, 35)(124, 249)(58, 117)(227, 199)(44, 89)(179, 103)(161, 67)(180, 105)(161, 67)(221, 187)(10, 21)(13, 27)(39, 79)(135, 15)(56, 113)(84, 169)(122, 245)(86, 173)(245, 235)(158, 61)(53, 107)(186, 117)(152, 49)(36, 73)(43, 87)(70, 141)(244, 233)(185, 115)(123, 247)(19, 39)(125, 251)(25, 51)(132, 9)(73, 147)(211, 167)(43, 87)(104, 209)(21, 43)(212, 169)(121, 243)(200, 145)(134, 13)(148, 41)(162, 69)(141, 27)(44, 89)(37, 75)]
Array 39:[(240, 225)(107, 215)(193, 131)(19, 39)(6, 13)(55, 111)(28, 57)(50, 101)(187, 119)(239, 223)(132, 9)(3, 7)(181, 107)(106, 213)(213, 171)(178, 101)(253, 251)(112, 225)(36, 73)(200, 145)(246, 237)(222, 189)(41, 83)(220, 185)(142, 29)(57, 115)(79, 159)(4, 9)(241, 227)(143, 31)(246, 237)(90, 181)(230, 205)(67, 135)(142, 29)(181, 107)(236, 217)(162, 69)(107, 215)(66, 133)(127, 255)(36, 73)(240, 225)(54, 109)(40, 81)(86, 173)(227, 199)(146, 37)(29, 59)(194, 133)]
Array 40:[(74, 149)(60, 121)(48, 97)(170, 85)(64, 129)(74, 149)(105, 211)(151, 47)(88, 177)(195, 135)(33, 67)(209, 163)(232, 209)(213, 171)(127, 255)(240, 225)(77, 155)(102, 205)(28, 57)(206, 157)(110, 221)(121, 243)(150, 45)(243, 231)(61, 123)(24, 49)(80, 161)(138, 21)(134, 13)(172, 89)(38, 77)(194, 133)(106, 213)(66, 133)(73, 147)(243, 231)(121, 243)(16, 33)(37, 75)(220, 185)(253, 251)(191, 127)(219, 183)(13, 27)(227, 199)(249, 243)(113, 227)(42, 85)(3, 7)(30, 61)(13, 27)(155, 55)(159, 63)(238, 221)(19, 39)]
Array 41:[(230, 205)(160, 65)(97, 195)(183, 111)(42, 85)(195, 135)(133, 11)(56, 113)(206, 157)(255, 255)(84, 169)(39, 79)(115, 231)(72, 145)(122, 245)(197, 139)(237, 219)(200, 145)(219, 183)(114, 229)(16, 33)(1, 3)(128, 1)(150, 45)(77, 155)(121, 243)(215, 175)(84, 169)(229, 203)(23, 47)(21, 43)(150, 45)(250, 245)(235, 215)(188, 121)(67, 135)(15, 31)(245, 235)(151, 47)(103, 207)(80, 161)(72, 145)(132, 9)(159, 63)(73, 147)(249, 243)(14, 29)(4, 9)(14, 29)(104, 209)(139, 23)]
Array 42:[(3, 7)(78, 157)(23, 47)(191, 127)(111, 223)(169, 83)(40, 81)(133, 11)(49, 99)(196, 137)(51, 103)(98, 197)(96, 193)(104, 209)(211, 167)(185, 115)(28, 57)(89, 179)(70, 141)(187, 119)(175, 95)(69, 139)(114, 229)(155, 55)(27, 55)(53, 107)(105, 211)(32, 65)(231, 207)(161, 67)(100, 201)(203, 151)(76, 153)(145, 35)(100, 201)(204, 153)(91, 183)(87, 175)(87, 175)(213, 171)(102, 205)(25, 51)(250, 245)(91, 183)(150, 45)(20, 41)(48, 97)(43, 87)(198, 141)(22, 45)(51, 103)(154, 53)(245, 235)(177, 99)(99, 199)(4, 9)(222, 189)(189, 123)]
Array 43:[(42, 85)(31, 63)(8, 17)(206, 157)(165, 75)(51, 103)(68, 137)(228, 201)(244, 233)(20, 41)(127, 255)(164, 73)(115, 231)(54, 109)(22, 45)(161, 67)(144, 33)(36, 73)(58, 117)(168, 81)(147, 39)(169, 83)(243, 231)(25, 51)(179, 103)(48, 97)(99, 199)(3, 7)(91, 183)(206, 157)(20, 41)(52, 105)(140, 25)(199, 143)(222, 189)(122, 245)(69, 139)(201, 147)(178, 101)(220, 185)(250, 245)(41, 83)(164, 73)(220, 185)(106, 213)(102, 205)(68, 137)(95, 191)(149, 43)(162, 69)(97, 195)(68, 137)(235, 215)(111, 223)(50, 101)(1, 3)(234, 213)]
Array 44:[(224, 193)(162, 69)(189, 123)(10, 21)(226, 197)(159, 63)(231, 207)(192, 129)(119, 239)(248, 241)(229, 203)(90, 181)(179, 103)(148, 41)(90, 181)(57, 115)(1, 3)(163, 71)(190, 125)(128, 1)(106, 213)(151, 47)(99, 199)(40, 81)(243, 231)(27, 55)(146, 37)(219, 183)(208, 161)(208, 161)(203, 151)(73, 147)(73, 147)(239, 223)(105, 211)(182, 109)(105, 211)(187, 119)(146, 37)(235, 215)(228, 201)(247, 239)(235, 215)(10, 21)(215, 175)]
Array 45:[(255, 255)(221, 187)(226, 197)(127, 255)(1, 3)(153, 51)(95, 191)(148, 41)(31, 63)(58, 117)(172, 89)(17, 35)(200, 145)(104, 209)(253, 251)(124, 249)(101, 203)(31, 63)(70, 141)(125, 251)(186, 117)(152, 49)(73, 147)(78, 157)(35, 71)(88, 177)(16, 33)(161, 67)(141, 27)(130, 5)(8, 17)(45, 91)(131, 7)(57, 115)(216, 177)(98, 197)(31, 63)(46, 93)(32, 65)(236, 217)(177, 99)(249, 243)(59, 119)]
Array 46:[(217, 179)(200, 145)(250, 245)(244, 233)(227, 199)(156, 57)(251, 247)(243, 231)(48, 97)(141, 27)(25, 51)(162, 69)(194, 133)(13, 27)(143, 31)(134, 13)(33, 67)(74, 149)(42, 85)(207, 159)(130, 5)(229, 203)(32, 65)(235, 215)(51, 103)(196, 137)(85, 171)(202, 149)(168, 81)(5, 11)(95, 191)(87, 175)(174, 93)(237, 219)(184, 113)(54, 109)(144, 33)(134, 13)(176, 97)(203, 151)(138, 21)(185, 115)(212, 169)(7, 15)(233, 211)(193, 131)(103, 207)(84, 169)(129, 3)(232, 209)]
Array 47:[(18, 37)(73, 147)(31, 63)(248, 241)(44, 89)(31, 63)(229, 203)(224, 193)(163, 71)(23, 47)(229, 203)(167, 79)(164, 73)(102, 205)(167, 79)(183, 111)(86, 173)(97, 195)(247, 239)(194, 133)(36, 73)(42, 85)(155, 55)(122, 245)(158, 61)(247, 239)(230, 205)(96, 193)(245, 235)(26, 53)(177, 99)(18, 37)(234, 213)(78, 157)(235, 215)(249, 243)(146, 37)(43, 87)(220, 185)(191, 127)(94, 189)(41, 83)(4, 9)(188, 121)(8, 17)(83, 167)(127, 255)(245, 235)(55, 111)]
Array 48:[(214, 173)(61, 123)(97, 195)(182, 109)(148, 41)(209, 163)(174, 93)(252, 249)(154, 53)(213, 171)(65, 131)(232, 209)(238, 221)(3, 7)(225, 195)(212, 169)(15, 31)(41, 83)(155, 55)(158, 61)(82, 165)(62, 125)(182, 109)(18, 37)(135, 15)(150, 45)(162, 69)(30, 61)(44, 89)(95, 191)(113, 227)(139, 23)(140, 25)(3, 7)(160, 65)(37, 75)(23, 47)(140, 25)(181, 107)(75, 151)(132, 9)(245, 235)(54, 109)(0, 1)(185, 115)(187, 119)(229, 203)(177, 99)(16, 33)(126, 253)(40, 81)(252, 249)]
Array 49:[(207, 159)(11, 23)(248, 241)(85, 171)(175, 95)(139, 23)(13, 27)(36, 73)(218, 181)(214, 173)(79, 159)(140, 25)(124, 249)(239, 223)(206, 157)(223, 191)(4, 9)(222, 189)(32, 65)(34, 69)(232, 209)(168, 81)(187, 119)(82, 165)(30, 61)(146, 37)(64, 129)(235, 215)(203, 151)(33, 67)(47, 95)(34, 69)(128, 1)(8, 17)(51, 103)(219, 183)(103, 207)]
